4096
0 1 717
0 2 709
0 4 362
0 8 856
0 16 4
0 32 706
0 64 40
0 128 600
0 256 439
0 512 403
0 1024 508
0 2048 916
2 3 23
4 5 160
4 6 4
6 7 206
8 9 848
8 10 855
8 12 254
10 11 627
12 13 384
12 14 628
14 15 411
16 17 140
16 18 917
16 20 636
16 24 375
18 19 258
20 21 398
20 22 334
24 25 211
24 26 559
24 28 474
22 23 856
26 27 647
28 29 582
28 30 2
30 31 769
32 33 947
32 34 700
32 36 409
32 40 816
32 48 709
34 35 646
36 37 953
36 38 67
40 41 683
40 42 977
40 44 833
48 49 303
48 50 402
48 52 232
48 56 666
38 39 292
42 43 341
44 45 641
44 46 322
46 47 545
50 51 86
52 53 758
52 54 786
56 57 878
56 58 441
56 60 796
54 55 310
58 59 457
60 61 897
60 62 476
62 63 703
64 65 95
64 66 586
64 68 192
64 72 167
64 80 257
64 96 921
66 67 822
68 69 660
68 70 194
72 73 971
72 74 348
72 76 626
80 81 789
80 82 96
80 84 258
80 88 693
96 97 553
96 98 315
96 100 174
96 104 508
96 112 803
70 71 778
74 75 431
76 77 873
76 78 248
78 79 847
82 83 431
84 85 836
84 86 650
88 89 877
88 90 523
88 92 61
86 87 5
90 91 35
92 93 452
92 94 195
94 95 303
98 99 95
100 101 184
100 102 915
104 105 305
104 106 664
104 108 737
112 113 561
112 114 841
112 116 898
112 120 530
102 103 53
106 107 791
108 109 518
108 110 106
114 115 379
116 117 700
116 118 583
120 121 127
120 122 566
120 124 610
110 111 655
118 119 96
122 123 317
124 125 841
124 126 526
126 127 811
128 129 924
128 130 102
128 132 420
128 136 36
128 144 383
128 160 309
128 192 673
130 131 910
132 133 322
132 134 968
136 137 375
136 138 14
136 140 346
144 145 367
144 146 40
144 148 9
144 152 87
160 161 964
160 162 856
160 164 260
160 168 664
160 176 763
192 193 123
192 194 75
192 196 559
192 200 255
192 208 946
192 224 824
134 135 574
138 139 252
140 141 567
140 142 417
142 143 37
146 147 773
148 149 88
148 150 958
152 153 977
152 154 737
152 156 586
150 151 454
154 155 377
156 157 127
156 158 646
158 159 849
162 163 934
164 165 376
164 166 359
168 169 44
168 170 750
168 172 921
176 177 605
176 178 640
176 180 947
176 184 331
166 167 185
170 171 265
172 173 344
172 174 944
178 179 97
180 181 932
180 182 31
184 185 525
184 186 26
184 188 847
174 175 703
182 183 636
186 187 83
188 189 525
188 190 401
190 191 825
194 195 148
196 197 196
196 198 50
200 201 649
200 202 526
200 204 781
208 209 543
208 210 431
208 212 782
208 216 954
224 225 325
224 226 118
224 228 535
224 232 179
224 240 460
198 199 971
202 203 109
204 205 191
204 206 495
210 211 903
212 213 751
212 214 988
216 217 191
216 218 587
216 220 188
226 227 421
228 229 925
228 230 831
232 233 884
232 234 563
232 236 272
240 241 272
240 242 647
240 244 101
240 248 967
206 207 944
214 215 281
218 219 274
220 221 339
220 222 354
222 223 446
230 231 678
234 235 177
236 237 728
236 238 64
242 243 995
244 245 872
244 246 524
248 249 802
248 250 835
248 252 627
238 239 754
246 247 447
250 251 691
252 253 304
252 254 983
254 255 22
256 257 168
256 258 180
256 260 29
256 264 440
256 272 230
256 288 526
256 320 666
256 384 413
258 259 373
260 261 466
260 262 891
264 265 590
264 266 208
264 268 668
272 273 50
272 274 506
272 276 832
272 280 246
288 289 339
288 290 231
288 292 68
288 296 91
288 304 379
320 321 812
320 322 402
320 324 688
320 328 43
320 336 37
320 352 225
384 385 539
384 386 478
384 388 446
384 392 531
384 400 391
384 416 471
384 448 952
262 263 267
266 267 277
268 269 961
268 270 832
270 271 194
274 275 291
276 277 159
276 278 278
280 281 500
280 282 565
280 284 494
278 279 222
282 283 869
284 285 634
284 286 735
286 287 718
290 291 342
292 293 518
292 294 387
296 297 537
296 298 291
296 300 765
304 305 625
304 306 997
304 308 629
304 312 430
294 295 250
298 299 650
300 301 476
300 302 860
306 307 789
308 309 319
308 310 634
312 313 837
312 314 194
312 316 556
302 303 855
310 311 876
314 315 694
316 317 866
316 318 584
318 319 511
322 323 268
324 325 550
324 326 640
328 329 250
328 330 772
328 332 207
336 337 502
336 338 358
336 340 503
336 344 983
352 353 313
352 354 813
352 356 757
352 360 223
352 368 747
326 327 584
330 331 795
332 333 55
332 334 55
338 339 540
340 341 870
340 342 861
344 345 899
344 346 205
344 348 455
354 355 523
356 357 3
356 358 673
360 361 920
360 362 264
360 364 252
368 369 515
368 370 948
368 372 820
368 376 602
334 335 664
342 343 172
346 347 76
348 349 504
348 350 866
350 351 271
358 359 355
362 363 14
364 365 271
364 366 66
370 371 223
372 373 543
372 374 316
376 377 834
376 378 882
376 380 206
366 367 20
374 375 73
378 379 254
380 381 78
380 382 425
382 383 867
386 387 589
388 389 62
388 390 60
392 393 704
392 394 904
392 396 772
400 401 331
400 402 748
400 404 204
400 408 847
416 417 784
416 418 796
416 420 319
416 424 510
416 432 424
448 449 975
448 450 168
448 452 966
448 456 412
448 464 211
448 480 245
390 391 752
394 395 703
396 397 774
396 398 84
402 403 179
404 405 674
404 406 902
408 409 501
408 410 995
408 412 339
418 419 373
420 421 650
420 422 729
424 425 568
424 426 531
424 428 673
432 433 537
432 434 977
432 436 85
432 440 163
450 451 82
452 453 336
452 454 686
456 457 517
456 458 58
456 460 567
464 465 567
464 466 68
464 468 181
464 472 943
480 481 659
480 482 435
480 484 681
480 488 786
480 496 554
398 399 710
406 407 413
410 411 920
412 413 896
412 414 831
414 415 673
422 423 485
426 427 675
428 429 205
428 430 497
434 435 899
436 437 867
436 438 509
440 441 772
440 442 307
440 444 224
430 431 81
438 439 882
442 443 973
444 445 278
444 446 656
446 447 935
454 455 195
458 459 431
460 461 988
460 462 924
466 467 821
468 469 969
468 470 642
472 473 999
472 474 60
472 476 77
482 483 35
484 485 723
484 486 101
488 489 46
488 490 130
488 492 206
496 497 278
496 498 378
496 500 131
496 504 911
462 463 539
470 471 540
474 475 418
476 477 538
476 478 979
486 487 733
490 491 761
492 493 455
492 494 843
498 499 857
500 501 122
500 502 96
504 505 818
504 506 1
504 508 211
478 479 731
494 495 288
502 503 198
506 507 755
508 509 198
508 510 640
510 511 546
512 513 570
512 514 922
512 516 699
512 520 516
512 528 696
512 544 792
512 576 541
512 640 698
512 768 600
514 515 862
516 517 228
516 518 223
520 521 610
520 522 954
520 524 906
528 529 234
528 530 636
528 532 763
528 536 931
544 545 785
544 546 816
544 548 577
544 552 501
544 560 11
576 577 152
576 578 248
576 580 602
576 584 86
576 592 605
576 608 550
640 641 655
640 642 987
640 644 567
640 648 722
640 656 761
640 672 959
640 704 858
768 769 254
768 770 922
768 772 557
768 776 876
768 784 270
768 800 862
768 832 762
768 896 148
518 519 690
522 523 27
524 525 87
524 526 290
526 527 409
530 531 259
532 533 645
532 534 684
536 537 346
536 538 887
536 540 618
534 535 267
538 539 628
540 541 539
540 542 714
542 543 816
546 547 285
548 549 268
548 550 835
552 553 29
552 554 23
552 556 896
560 561 782
560 562 461
560 564 698
560 568 176
550 551 956
554 555 483
556 557 693
556 558 327
562 563 460
564 565 197
564 566 543
568 569 662
568 570 806
568 572 168
558 559 507
566 567 687
570 571 458
572 573 43
572 574 567
574 575 506
578 579 635
580 581 674
580 582 901
584 585 447
584 586 680
584 588 4
592 593 19
592 594 947
592 596 294
592 600 436
608 609 360
608 610 18
608 612 441
608 616 50
608 624 526
582 583 337
586 587 127
588 589 302
588 590 777
594 595 350
596 597 720
596 598 871
600 601 846
600 602 127
600 604 566
610 611 511
612 613 762
612 614 33
616 617 309
616 618 938
616 620 222
624 625 228
624 626 360
624 628 637
624 632 83
590 591 183
598 599 378
602 603 232
604 605 549
604 606 344
606 607 157
614 615 119
618 619 895
620 621 773
620 622 677
626 627 14
628 629 66
628 630 888
632 633 773
632 634 688
632 636 802
622 623 487
630 631 217
634 635 335
636 637 478
636 638 710
638 639 122
642 643 107
644 645 348
644 646 501
648 649 337
648 650 200
648 652 588
656 657 961
656 658 858
656 660 843
656 664 308
672 673 792
672 674 344
672 676 379
672 680 92
672 688 348
704 705 300
704 706 223
704 708 680
704 712 406
704 720 581
704 736 857
646 647 247
650 651 245
652 653 529
652 654 170
658 659 689
660 661 541
660 662 996
664 665 296
664 666 874
664 668 406
674 675 80
676 677 818
676 678 964
680 681 902
680 682 965
680 684 670
688 689 194
688 690 51
688 692 144
688 696 119
706 707 636
708 709 307
708 710 458
712 713 384
712 714 244
712 716 463
720 721 83
720 722 88
720 724 75
720 728 756
736 737 867
736 738 875
736 740 634
736 744 829
736 752 626
654 655 72
662 663 52
666 667 378
668 669 738
668 670 914
670 671 625
678 679 747
682 683 87
684 685 603
684 686 871
690 691 524
692 693 484
692 694 938
696 697 287
696 698 590
696 700 870
686 687 354
694 695 216
698 699 899
700 701 504
700 702 625
702 703 514
710 711 31
714 715 127
716 717 642
716 718 560
722 723 460
724 725 326
724 726 872
728 729 284
728 730 183
728 732 313
738 739 26
740 741 214
740 742 154
744 745 353
744 746 681
744 748 789
752 753 572
752 754 214
752 756 566
752 760 377
718 719 262
726 727 150
730 731 106
732 733 19
732 734 917
742 743 769
746 747 906
748 749 984
748 750 824
754 755 557
756 757 891
756 758 769
760 761 679
760 762 726
760 764 402
734 735 567
750 751 329
758 759 154
762 763 40
764 765 285
764 766 755
766 767 557
770 771 267
772 773 434
772 774 76
776 777 486
776 778 832
776 780 22
784 785 401
784 786 794
784 788 929
784 792 203
800 801 127
800 802 692
800 804 328
800 808 250
800 816 687
832 833 894
832 834 851
832 836 280
832 840 938
832 848 648
832 864 909
896 897 10
896 898 230
896 900 134
896 904 794
896 912 348
896 928 53
896 960 144
774 775 630
778 779 714
780 781 618
780 782 978
786 787 265
788 789 244
788 790 189
792 793 42
792 794 572
792 796 526
802 803 161
804 805 872
804 806 395
808 809 152
808 810 802
808 812 594
816 817 125
816 818 728
816 820 348
816 824 587
834 835 804
836 837 220
836 838 568
840 841 532
840 842 298
840 844 205
848 849 491
848 850 161
848 852 267
848 856 597
864 865 779
864 866 757
864 868 968
864 872 619
864 880 815
898 899 415
900 901 756
900 902 226
904 905 50
904 906 174
904 908 252
912 913 855
912 914 317
912 916 937
912 920 271
928 929 472
928 930 374
928 932 563
928 936 233
928 944 68
960 961 10
960 962 838
960 964 6
960 968 887
960 976 320
960 992 923
782 783 467
790 791 460
794 795 552
796 797 580
796 798 867
798 799 917
806 807 493
810 811 416
812 813 621
812 814 225
818 819 182
820 821 813
820 822 280
824 825 700
824 826 320
824 828 196
814 815 882
822 823 757
826 827 492
828 829 271
828 830 823
830 831 608
838 839 182
842 843 804
844 845 97
844 846 474
850 851 186
852 853 243
852 854 125
856 857 65
856 858 639
856 860 452
866 867 280
868 869 219
868 870 201
872 873 199
872 874 851
872 876 68
880 881 117
880 882 401
880 884 454
880 888 993
846 847 515
854 855 839
858 859 293
860 861 893
860 862 123
870 871 612
874 875 986
876 877 174
876 878 207
882 883 415
884 885 858
884 886 297
888 889 706
888 890 937
888 892 480
862 863 130
878 879 975
886 887 212
890 891 996
892 893 762
892 894 264
894 895 682
902 903 957
906 907 992
908 909 900
908 910 376
914 915 491
916 917 753
916 918 604
920 921 171
920 922 646
920 924 732
930 931 264
932 933 612
932 934 870
936 937 988
936 938 259
936 940 715
944 945 85
944 946 681
944 948 348
944 952 190
962 963 516
964 965 772
964 966 733
968 969 928
968 970 166
968 972 512
976 977 151
976 978 852
976 980 392
976 984 539
992 993 94
992 994 939
992 996 187
992 1000 692
992 1008 851
910 911 58
918 919 307
922 923 496
924 925 448
924 926 735
934 935 151
938 939 539
940 941 647
940 942 346
946 947 18
948 949 121
948 950 502
952 953 222
952 954 129
952 956 498
966 967 643
970 971 589
972 973 691
972 974 303
978 979 824
980 981 918
980 982 55
984 985 897
984 986 549
984 988 817
994 995 931
996 997 741
996 998 447
1000 1001 786
1000 1002 799
1000 1004 134
1008 1009 943
1008 1010 190
1008 1012 337
1008 1016 690
926 927 807
942 943 714
950 951 2
954 955 376
956 957 351
956 958 590
958 959 280
974 975 862
982 983 530
986 987 839
988 989 644
988 990 644
998 999 24
1002 1003 371
1004 1005 640
1004 1006 372
1010 1011 906
1012 1013 835
1012 1014 844
1016 1017 304
1016 1018 211
1016 1020 889
990 991 20
1006 1007 209
1014 1015 738
1018 1019 375
1020 1021 113
1020 1022 552
1022 1023 266
1024 1025 798
1024 1026 742
1024 1028 417
1024 1032 701
1024 1040 643
1024 1056 918
1024 1088 434
1024 1152 181
1024 1280 286
1024 1536 987
1026 1027 434
1028 1029 948
1028 1030 561
1032 1033 158
1032 1034 352
1032 1036 923
1040 1041 821
1040 1042 673
1040 1044 439
1040 1048 975
1056 1057 942
1056 1058 46
1056 1060 915
1056 1064 333
1056 1072 494
1088 1089 347
1088 1090 909
1088 1092 900
1088 1096 78
1088 1104 27
1088 1120 317
1152 1153 461
1152 1154 352
1152 1156 171
1152 1160 107
1152 1168 407
1152 1184 946
1152 1216 332
1280 1281 996
1280 1282 324
1280 1284 273
1280 1288 923
1280 1296 252
1280 1312 822
1280 1344 58
1280 1408 122
1536 1537 807
1536 1538 977
1536 1540 927
1536 1544 36
1536 1552 507
1536 1568 680
1536 1600 368
1536 1664 672
1536 1792 669
1030 1031 327
1034 1035 114
1036 1037 180
1036 1038 555
1038 1039 704
1042 1043 613
1044 1045 555
1044 1046 505
1048 1049 647
1048 1050 139
1048 1052 204
1046 1047 378
1050 1051 550
1052 1053 759
1052 1054 919
1054 1055 125
1058 1059 77
1060 1061 367
1060 1062 878
1064 1065 281
1064 1066 936
1064 1068 767
1072 1073 499
1072 1074 364
1072 1076 350
1072 1080 903
1062 1063 294
1066 1067 950
1068 1069 426
1068 1070 739
1074 1075 908
1076 1077 746
1076 1078 173
1080 1081 70
1080 1082 637
1080 1084 137
1070 1071 953
1078 1079 162
1082 1083 559
1084 1085 849
1084 1086 174
1086 1087 441
1090 1091 416
1092 1093 616
1092 1094 410
1096 1097 715
1096 1098 845
1096 1100 792
1104 1105 40
1104 1106 172
1104 1108 330
1104 1112 285
1120 1121 311
1120 1122 635
1120 1124 906
1120 1128 620
1120 1136 312
1094 1095 62
1098 1099 181
1100 1101 379
1100 1102 562
1106 1107 314
1108 1109 818
1108 1110 931
1112 1113 498
1112 1114 780
1112 1116 359
1122 1123 975
1124 1125 715
1124 1126 140
1128 1129 312
1128 1130 813
1128 1132 611
1136 1137 970
1136 1138 149
1136 1140 490
1136 1144 320
1102 1103 888
1110 1111 28
1114 1115 412
1116 1117 392
1116 1118 256
1118 1119 585
1126 1127 128
1130 1131 354
1132 1133 104
1132 1134 318
1138 1139 773
1140 1141 657
1140 1142 78
1144 1145 114
1144 1146 321
1144 1148 373
1134 1135 419
1142 1143 519
1146 1147 571
1148 1149 111
1148 1150 907
1150 1151 93
1154 1155 177
1156 1157 190
1156 1158 371
1160 1161 553
1160 1162 986
1160 1164 261
1168 1169 890
1168 1170 534
1168 1172 165
1168 1176 943
1184 1185 865
1184 1186 404
1184 1188 494
1184 1192 887
1184 1200 68
1216 1217 807
1216 1218 307
1216 1220 915
1216 1224 770
1216 1232 578
1216 1248 958
1158 1159 682
1162 1163 63
1164 1165 822
1164 1166 441
1170 1171 58
1172 1173 743
1172 1174 526
1176 1177 492
1176 1178 41
1176 1180 165
1186 1187 327
1188 1189 631
1188 1190 428
1192 1193 465
1192 1194 278
1192 1196 578
1200 1201 480
1200 1202 410
1200 1204 539
1200 1208 62
1218 1219 234
1220 1221 987
1220 1222 808
1224 1225 647
1224 1226 724
1224 1228 998
1232 1233 927
1232 1234 611
1232 1236 775
1232 1240 469
1248 1249 337
1248 1250 987
1248 1252 632
1248 1256 442
1248 1264 62
1166 1167 646
1174 1175 156
1178 1179 645
1180 1181 180
1180 1182 249
1182 1183 833
1190 1191 726
1194 1195 648
1196 1197 854
1196 1198 197
1202 1203 980
1204 1205 591
1204 1206 231
1208 1209 169
1208 1210 830
1208 1212 236
1198 1199 744
1206 1207 578
1210 1211 181
1212 1213 811
1212 1214 434
1214 1215 90
1222 1223 390
1226 1227 204
1228 1229 750
1228 1230 265
1234 1235 374
1236 1237 320
1236 1238 232
1240 1241 123
1240 1242 932
1240 1244 230
1250 1251 283
1252 1253 67
1252 1254 682
1256 1257 594
1256 1258 738
1256 1260 710
1264 1265 343
1264 1266 220
1264 1268 349
1264 1272 528
1230 1231 987
1238 1239 281
1242 1243 929
1244 1245 300
1244 1246 266
1254 1255 184
1258 1259 886
1260 1261 825
1260 1262 247
1266 1267 640
1268 1269 188
1268 1270 385
1272 1273 459
1272 1274 867
1272 1276 198
1246 1247 603
1262 1263 967
1270 1271 567
1274 1275 526
1276 1277 968
1276 1278 259
1278 1279 549
1282 1283 947
1284 1285 190
1284 1286 27
1288 1289 718
1288 1290 42
1288 1292 444
1296 1297 103
1296 1298 381
1296 1300 235
1296 1304 735
1312 1313 543
1312 1314 839
1312 1316 642
1312 1320 309
1312 1328 461
1344 1345 637
1344 1346 625
1344 1348 332
1344 1352 936
1344 1360 124
1344 1376 321
1408 1409 510
1408 1410 641
1408 1412 605
1408 1416 18
1408 1424 479
1408 1440 802
1408 1472 715
1286 1287 749
1290 1291 71
1292 1293 425
1292 1294 921
1298 1299 738
1300 1301 614
1300 1302 118
1304 1305 407
1304 1306 191
1304 1308 973
1314 1315 688
1316 1317 369
1316 1318 442
1320 1321 230
1320 1322 905
1320 1324 10
1328 1329 304
1328 1330 510
1328 1332 273
1328 1336 937
1346 1347 705
1348 1349 640
1348 1350 953
1352 1353 329
1352 1354 351
1352 1356 775
1360 1361 798
1360 1362 506
1360 1364 137
1360 1368 985
1376 1377 145
1376 1378 473
1376 1380 730
1376 1384 520
1376 1392 159
1410 1411 691
1412 1413 297
1412 1414 414
1416 1417 668
1416 1418 961
1416 1420 736
1424 1425 135
1424 1426 220
1424 1428 167
1424 1432 831
1440 1441 925
1440 1442 259
1440 1444 352
1440 1448 424
1440 1456 122
1472 1473 779
1472 1474 492
1472 1476 289
1472 1480 367
1472 1488 959
1472 1504 390
1294 1295 317
1302 1303 727
1306 1307 551
1308 1309 373
1308 1310 707
1310 1311 242
1318 1319 914
1322 1323 545
1324 1325 655
1324 1326 799
1330 1331 949
1332 1333 784
1332 1334 291
1336 1337 558
1336 1338 622
1336 1340 54
1326 1327 946
1334 1335 988
1338 1339 906
1340 1341 571
1340 1342 545
1342 1343 644
1350 1351 781
1354 1355 268
1356 1357 355
1356 1358 292
1362 1363 977
1364 1365 419
1364 1366 10
1368 1369 401
1368 1370 811
1368 1372 547
1378 1379 62
1380 1381 773
1380 1382 116
1384 1385 989
1384 1386 224
1384 1388 359
1392 1393 83
1392 1394 304
1392 1396 945
1392 1400 921
1358 1359 241
1366 1367 609
1370 1371 15
1372 1373 551
1372 1374 767
1382 1383 4
1386 1387 70
1388 1389 933
1388 1390 875
1394 1395 125
1396 1397 828
1396 1398 102
1400 1401 98
1400 1402 709
1400 1404 63
1374 1375 940
1390 1391 630
1398 1399 572
1402 1403 713
1404 1405 269
1404 1406 695
1406 1407 125
1414 1415 512
1418 1419 917
1420 1421 531
1420 1422 251
1426 1427 544
1428 1429 512
1428 1430 672
1432 1433 665
1432 1434 173
1432 1436 260
1442 1443 88
1444 1445 828
1444 1446 354
1448 1449 321
1448 1450 334
1448 1452 995
1456 1457 932
1456 1458 56
1456 1460 544
1456 1464 618
1474 1475 620
1476 1477 595
1476 1478 514
1480 1481 654
1480 1482 9
1480 1484 137
1488 1489 244
1488 1490 670
1488 1492 704
1488 1496 826
1504 1505 444
1504 1506 38
1504 1508 449
1504 1512 355
1504 1520 101
1422 1423 533
1430 1431 544
1434 1435 839
1436 1437 869
1436 1438 8
1446 1447 552
1450 1451 489
1452 1453 625
1452 1454 720
1458 1459 626
1460 1461 625
1460 1462 459
1464 1465 110
1464 1466 983
1464 1468 917
1478 1479 24
1482 1483 668
1484 1485 69
1484 1486 842
1490 1491 450
1492 1493 251
1492 1494 664
1496 1497 501
1496 1498 826
1496 1500 561
1506 1507 984
1508 1509 653
1508 1510 418
1512 1513 545
1512 1514 237
1512 1516 190
1520 1521 692
1520 1522 624
1520 1524 58
1520 1528 709
1438 1439 170
1454 1455 916
1462 1463 397
1466 1467 591
1468 1469 547
1468 1470 232
1470 1471 179
1486 1487 894
1494 1495 553
1498 1499 488
1500 1501 385
1500 1502 24
1510 1511 77
1514 1515 513
1516 1517 323
1516 1518 379
1522 1523 674
1524 1525 288
1524 1526 548
1528 1529 212
1528 1530 219
1528 1532 939
1502 1503 102
1518 1519 573
1526 1527 816
1530 1531 783
1532 1533 931
1532 1534 235
1534 1535 406
1538 1539 258
1540 1541 783
1540 1542 100
1544 1545 472
1544 1546 5
1544 1548 233
1552 1553 32
1552 1554 266
1552 1556 136
1552 1560 72
1568 1569 286
1568 1570 464
1568 1572 542
1568 1576 507
1568 1584 78
1600 1601 826
1600 1602 30
1600 1604 768
1600 1608 620
1600 1616 170
1600 1632 166
1664 1665 356
1664 1666 270
1664 1668 854
1664 1672 421
1664 1680 60
1664 1696 105
1664 1728 644
1792 1793 764
1792 1794 631
1792 1796 139
1792 1800 6
1792 1808 435
1792 1824 461
1792 1856 1
1792 1920 720
1542 1543 298
1546 1547 104
1548 1549 719
1548 1550 421
1554 1555 47
1556 1557 299
1556 1558 37
1560 1561 891
1560 1562 380
1560 1564 328
1570 1571 611
1572 1573 313
1572 1574 158
1576 1577 945
1576 1578 781
1576 1580 641
1584 1585 243
1584 1586 452
1584 1588 444
1584 1592 635
1602 1603 339
1604 1605 948
1604 1606 426
1608 1609 822
1608 1610 612
1608 1612 45
1616 1617 692
1616 1618 208
1616 1620 516
1616 1624 376
1632 1633 484
1632 1634 899
1632 1636 80
1632 1640 766
1632 1648 751
1666 1667 338
1668 1669 406
1668 1670 63
1672 1673 709
1672 1674 172
1672 1676 204
1680 1681 38
1680 1682 189
1680 1684 495
1680 1688 165
1696 1697 168
1696 1698 830
1696 1700 897
1696 1704 131
1696 1712 451
1728 1729 992
1728 1730 991
1728 1732 443
1728 1736 587
1728 1744 756
1728 1760 710
1794 1795 736
1796 1797 922
1796 1798 911
1800 1801 654
1800 1802 116
1800 1804 922
1808 1809 12
1808 1810 551
1808 1812 384
1808 1816 822
1824 1825 760
1824 1826 286
1824 1828 269
1824 1832 524
1824 1840 4
1856 1857 485
1856 1858 738
1856 1860 746
1856 1864 260
1856 1872 318
1856 1888 195
1920 1921 532
1920 1922 123
1920 1924 119
1920 1928 608
1920 1936 587
1920 1952 958
1920 1984 424
1550 1551 615
1558 1559 900
1562 1563 397
1564 1565 278
1564 1566 512
1566 1567 351
1574 1575 918
1578 1579 845
1580 1581 876
1580 1582 727
1586 1587 265
1588 1589 33
1588 1590 309
1592 1593 93
1592 1594 781
1592 1596 808
1582 1583 711
1590 1591 528
1594 1595 727
1596 1597 728
1596 1598 642
1598 1599 417
1606 1607 492
1610 1611 482
1612 1613 346
1612 1614 344
1618 1619 355
1620 1621 138
1620 1622 991
1624 1625 661
1624 1626 409
1624 1628 480
1634 1635 510
1636 1637 581
1636 1638 479
1640 1641 243
1640 1642 185
1640 1644 827
1648 1649 63
1648 1650 48
1648 1652 364
1648 1656 184
1614 1615 363
1622 1623 705
1626 1627 344
1628 1629 422
1628 1630 142
1638 1639 805
1642 1643 851
1644 1645 748
1644 1646 130
1650 1651 164
1652 1653 886
1652 1654 168
1656 1657 573
1656 1658 65
1656 1660 585
1630 1631 138
1646 1647 107
1654 1655 799
1658 1659 309
1660 1661 1000
1660 1662 525
1662 1663 509
1670 1671 687
1674 1675 873
1676 1677 65
1676 1678 480
1682 1683 673
1684 1685 856
1684 1686 434
1688 1689 150
1688 1690 650
1688 1692 935
1698 1699 170
1700 1701 182
1700 1702 216
1704 1705 74
1704 1706 867
1704 1708 110
1712 1713 140
1712 1714 882
1712 1716 88
1712 1720 886
1730 1731 541
1732 1733 73
1732 1734 835
1736 1737 549
1736 1738 725
1736 1740 799
1744 1745 84
1744 1746 593
1744 1748 420
1744 1752 971
1760 1761 683
1760 1762 22
1760 1764 314
1760 1768 150
1760 1776 692
1678 1679 176
1686 1687 509
1690 1691 976
1692 1693 158
1692 1694 273
1702 1703 687
1706 1707 914
1708 1709 795
1708 1710 984
1714 1715 272
1716 1717 742
1716 1718 120
1720 1721 452
1720 1722 127
1720 1724 522
1734 1735 402
1738 1739 189
1740 1741 628
1740 1742 315
1746 1747 901
1748 1749 357
1748 1750 783
1752 1753 949
1752 1754 587
1752 1756 173
1762 1763 364
1764 1765 208
1764 1766 304
1768 1769 368
1768 1770 277
1768 1772 224
1776 1777 256
1776 1778 522
1776 1780 447
1776 1784 398
1694 1695 458
1710 1711 461
1718 1719 625
1722 1723 157
1724 1725 215
1724 1726 560
1726 1727 171
1742 1743 723
1750 1751 859
1754 1755 178
1756 1757 139
1756 1758 857
1766 1767 206
1770 1771 494
1772 1773 111
1772 1774 970
1778 1779 437
1780 1781 392
1780 1782 653
1784 1785 9
1784 1786 858
1784 1788 59
1758 1759 974
1774 1775 817
1782 1783 684
1786 1787 572
1788 1789 70
1788 1790 567
1790 1791 881
1798 1799 460
1802 1803 843
1804 1805 517
1804 1806 955
1810 1811 938
1812 1813 35
1812 1814 176
1816 1817 490
1816 1818 97
1816 1820 78
1826 1827 864
1828 1829 752
1828 1830 330
1832 1833 980
1832 1834 279
1832 1836 335
1840 1841 460
1840 1842 926
1840 1844 505
1840 1848 11
1858 1859 524
1860 1861 332
1860 1862 143
1864 1865 798
1864 1866 809
1864 1868 428
1872 1873 394
1872 1874 921
1872 1876 938
1872 1880 715
1888 1889 508
1888 1890 352
1888 1892 349
1888 1896 951
1888 1904 930
1922 1923 169
1924 1925 170
1924 1926 497
1928 1929 237
1928 1930 718
1928 1932 857
1936 1937 358
1936 1938 951
1936 1940 31
1936 1944 807
1952 1953 783
1952 1954 721
1952 1956 244
1952 1960 351
1952 1968 883
1984 1985 871
1984 1986 529
1984 1988 201
1984 1992 946
1984 2000 499
1984 2016 6
1806 1807 456
1814 1815 160
1818 1819 574
1820 1821 328
1820 1822 933
1830 1831 862
1834 1835 354
1836 1837 272
1836 1838 491
1842 1843 76
1844 1845 594
1844 1846 919
1848 1849 150
1848 1850 260
1848 1852 922
1862 1863 931
1866 1867 683
1868 1869 870
1868 1870 501
1874 1875 547
1876 1877 239
1876 1878 289
1880 1881 81
1880 1882 843
1880 1884 895
1890 1891 614
1892 1893 797
1892 1894 647
1896 1897 700
1896 1898 692
1896 1900 470
1904 1905 586
1904 1906 48
1904 1908 286
1904 1912 434
1926 1927 373
1930 1931 566
1932 1933 744
1932 1934 748
1938 1939 172
1940 1941 964
1940 1942 536
1944 1945 132
1944 1946 800
1944 1948 494
1954 1955 848
1956 1957 661
1956 1958 820
1960 1961 207
1960 1962 886
1960 1964 10
1968 1969 648
1968 1970 396
1968 1972 170
1968 1976 170
1986 1987 937
1988 1989 935
1988 1990 574
1992 1993 472
1992 1994 794
1992 1996 303
2000 2001 381
2000 2002 701
2000 2004 388
2000 2008 147
2016 2017 400
2016 2018 872
2016 2020 557
2016 2024 237
2016 2032 415
1822 1823 407
1838 1839 799
1846 1847 146
1850 1851 540
1852 1853 228
1852 1854 86
1854 1855 177
1870 1871 672
1878 1879 930
1882 1883 859
1884 1885 373
1884 1886 604
1894 1895 265
1898 1899 738
1900 1901 381
1900 1902 636
1906 1907 322
1908 1909 647
1908 1910 827
1912 1913 478
1912 1914 481
1912 1916 111
1886 1887 354
1902 1903 328
1910 1911 99
1914 1915 255
1916 1917 61
1916 1918 368
1918 1919 411
1934 1935 557
1942 1943 546
1946 1947 660
1948 1949 180
1948 1950 225
1958 1959 115
1962 1963 155
1964 1965 32
1964 1966 372
1970 1971 439
1972 1973 150
1972 1974 850
1976 1977 828
1976 1978 640
1976 1980 196
1990 1991 8
1994 1995 682
1996 1997 905
1996 1998 166
2002 2003 740
2004 2005 167
2004 2006 181
2008 2009 358
2008 2010 685
2008 2012 86
2018 2019 595
2020 2021 384
2020 2022 537
2024 2025 799
2024 2026 678
2024 2028 301
2032 2033 309
2032 2034 723
2032 2036 27
2032 2040 258
1950 1951 294
1966 1967 264
1974 1975 356
1978 1979 39
1980 1981 506
1980 1982 797
1998 1999 987
2006 2007 412
2010 2011 235
2012 2013 176
2012 2014 327
2022 2023 800
2026 2027 214
2028 2029 714
2028 2030 63
2034 2035 602
2036 2037 449
2036 2038 992
2040 2041 440
2040 2042 163
2040 2044 58
1982 1983 194
2014 2015 394
2030 2031 277
2038 2039 860
2042 2043 784
2044 2045 314
2044 2046 588
2046 2047 242
2048 2049 908
2048 2050 271
2048 2052 741
2048 2056 321
2048 2064 794
2048 2080 943
2048 2112 553
2048 2176 676
2048 2304 625
2048 2560 141
2048 3072 417
2050 2051 680
2052 2053 509
2052 2054 306
2056 2057 325
2056 2058 8
2056 2060 598
2064 2065 16
2064 2066 392
2064 2068 381
2064 2072 230
2080 2081 927
2080 2082 332
2080 2084 168
2080 2088 731
2080 2096 273
2112 2113 17
2112 2114 325
2112 2116 628
2112 2120 242
2112 2128 892
2112 2144 166
2176 2177 548
2176 2178 545
2176 2180 411
2176 2184 598
2176 2192 873
2176 2208 75
2176 2240 92
2304 2305 879
2304 2306 237
2304 2308 917
2304 2312 663
2304 2320 284
2304 2336 624
2304 2368 324
2304 2432 409
2560 2561 910
2560 2562 96
2560 2564 787
2560 2568 712
2560 2576 737
2560 2592 436
2560 2624 275
2560 2688 13
2560 2816 587
3072 3073 605
3072 3074 551
3072 3076 336
3072 3080 606
3072 3088 766
3072 3104 601
3072 3136 357
3072 3200 781
3072 3328 333
3072 3584 730
2054 2055 474
2058 2059 409
2060 2061 261
2060 2062 639
2062 2063 213
2066 2067 428
2068 2069 265
2068 2070 174
2072 2073 592
2072 2074 338
2072 2076 265
2070 2071 969
2074 2075 593
2076 2077 961
2076 2078 340
2078 2079 929
2082 2083 985
2084 2085 721
2084 2086 559
2088 2089 661
2088 2090 140
2088 2092 529
2096 2097 674
2096 2098 315
2096 2100 978
2096 2104 688
2086 2087 797
2090 2091 495
2092 2093 112
2092 2094 883
2098 2099 94
2100 2101 24
2100 2102 193
2104 2105 512
2104 2106 701
2104 2108 251
2094 2095 411
2102 2103 626
2106 2107 76
2108 2109 757
2108 2110 599
2110 2111 363
2114 2115 199
2116 2117 557
2116 2118 799
2120 2121 863
2120 2122 236
2120 2124 487
2128 2129 721
2128 2130 552
2128 2132 24
2128 2136 729
2144 2145 12
2144 2146 655
2144 2148 929
2144 2152 66
2144 2160 812
2118 2119 212
2122 2123 291
2124 2125 172
2124 2126 1
2130 2131 785
2132 2133 980
2132 2134 88
2136 2137 183
2136 2138 644
2136 2140 845
2146 2147 745
2148 2149 91
2148 2150 683
2152 2153 543
2152 2154 336
2152 2156 148
2160 2161 144
2160 2162 719
2160 2164 136
2160 2168 254
2126 2127 436
2134 2135 871
2138 2139 844
2140 2141 311
2140 2142 865
2142 2143 271
2150 2151 394
2154 2155 562
2156 2157 230
2156 2158 529
2162 2163 680
2164 2165 750
2164 2166 344
2168 2169 294
2168 2170 596
2168 2172 742
2158 2159 945
2166 2167 310
2170 2171 910
2172 2173 163
2172 2174 213
2174 2175 997
2178 2179 685
2180 2181 251
2180 2182 657
2184 2185 402
2184 2186 388
2184 2188 186
2192 2193 330
2192 2194 899
2192 2196 154
2192 2200 549
2208 2209 913
2208 2210 807
2208 2212 213
2208 2216 856
2208 2224 964
2240 2241 964
2240 2242 497
2240 2244 145
2240 2248 610
2240 2256 193
2240 2272 2
2182 2183 37
2186 2187 974
2188 2189 899
2188 2190 605
2194 2195 30
2196 2197 595
2196 2198 926
2200 2201 421
2200 2202 137
2200 2204 893
2210 2211 630
2212 2213 568
2212 2214 923
2216 2217 610
2216 2218 55
2216 2220 423
2224 2225 227
2224 2226 612
2224 2228 903
2224 2232 702
2242 2243 390
2244 2245 765
2244 2246 930
2248 2249 904
2248 2250 553
2248 2252 422
2256 2257 318
2256 2258 214
2256 2260 430
2256 2264 418
2272 2273 892
2272 2274 424
2272 2276 502
2272 2280 627
2272 2288 527
2190 2191 196
2198 2199 58
2202 2203 505
2204 2205 869
2204 2206 695
2206 2207 912
2214 2215 932
2218 2219 328
2220 2221 271
2220 2222 438
2226 2227 324
2228 2229 164
2228 2230 640
2232 2233 696
2232 2234 985
2232 2236 357
2222 2223 15
2230 2231 560
2234 2235 829
2236 2237 504
2236 2238 912
2238 2239 767
2246 2247 759
2250 2251 338
2252 2253 928
2252 2254 368
2258 2259 729
2260 2261 778
2260 2262 590
2264 2265 139
2264 2266 437
2264 2268 870
2274 2275 821
2276 2277 506
2276 2278 852
2280 2281 194
2280 2282 2
2280 2284 410
2288 2289 23
2288 2290 757
2288 2292 176
2288 2296 571
2254 2255 802
2262 2263 336
2266 2267 697
2268 2269 851
2268 2270 245
2278 2279 109
2282 2283 680
2284 2285 886
2284 2286 168
2290 2291 471
2292 2293 463
2292 2294 961
2296 2297 44
2296 2298 244
2296 2300 275
2270 2271 513
2286 2287 542
2294 2295 465
2298 2299 462
2300 2301 793
2300 2302 181
2302 2303 395
2306 2307 42
2308 2309 910
2308 2310 11
2312 2313 830
2312 2314 758
2312 2316 207
2320 2321 350
2320 2322 819
2320 2324 209
2320 2328 156
2336 2337 406
2336 2338 592
2336 2340 259
2336 2344 214
2336 2352 848
2368 2369 248
2368 2370 241
2368 2372 541
2368 2376 163
2368 2384 254
2368 2400 29
2432 2433 15
2432 2434 719
2432 2436 835
2432 2440 461
2432 2448 850
2432 2464 771
2432 2496 62
2310 2311 483
2314 2315 878
2316 2317 81
2316 2318 28
2322 2323 818
2324 2325 824
2324 2326 385
2328 2329 269
2328 2330 200
2328 2332 966
2338 2339 406
2340 2341 430
2340 2342 984
2344 2345 679
2344 2346 864
2344 2348 896
2352 2353 720
2352 2354 237
2352 2356 289
2352 2360 275
2370 2371 39
2372 2373 327
2372 2374 95
2376 2377 721
2376 2378 733
2376 2380 291
2384 2385 912
2384 2386 994
2384 2388 174
2384 2392 288
2400 2401 510
2400 2402 651
2400 2404 949
2400 2408 774
2400 2416 544
2434 2435 455
2436 2437 647
2436 2438 741
2440 2441 889
2440 2442 827
2440 2444 170
2448 2449 379
2448 2450 705
2448 2452 601
2448 2456 724
2464 2465 611
2464 2466 591
2464 2468 640
2464 2472 264
2464 2480 261
2496 2497 406
2496 2498 475
2496 2500 762
2496 2504 552
2496 2512 888
2496 2528 34
2318 2319 501
2326 2327 997
2330 2331 434
2332 2333 161
2332 2334 345
2334 2335 990
2342 2343 842
2346 2347 123
2348 2349 895
2348 2350 805
2354 2355 344
2356 2357 906
2356 2358 601
2360 2361 204
2360 2362 75
2360 2364 588
2350 2351 64
2358 2359 279
2362 2363 642
2364 2365 996
2364 2366 481
2366 2367 79
2374 2375 239
2378 2379 878
2380 2381 497
2380 2382 473
2386 2387 659
2388 2389 279
2388 2390 336
2392 2393 912
2392 2394 355
2392 2396 432
2402 2403 536
2404 2405 770
2404 2406 641
2408 2409 249
2408 2410 237
2408 2412 629
2416 2417 639
2416 2418 509
2416 2420 438
2416 2424 352
2382 2383 570
2390 2391 845
2394 2395 927
2396 2397 58
2396 2398 43
2406 2407 128
2410 2411 206
2412 2413 384
2412 2414 694
2418 2419 881
2420 2421 644
2420 2422 107
2424 2425 353
2424 2426 789
2424 2428 677
2398 2399 838
2414 2415 634
2422 2423 336
2426 2427 190
2428 2429 682
2428 2430 526
2430 2431 184
2438 2439 591
2442 2443 773
2444 2445 317
2444 2446 843
2450 2451 661
2452 2453 494
2452 2454 931
2456 2457 29
2456 2458 154
2456 2460 208
2466 2467 82
2468 2469 890
2468 2470 959
2472 2473 128
2472 2474 245
2472 2476 528
2480 2481 704
2480 2482 929
2480 2484 712
2480 2488 541
2498 2499 130
2500 2501 665
2500 2502 367
2504 2505 561
2504 2506 51
2504 2508 190
2512 2513 389
2512 2514 683
2512 2516 558
2512 2520 286
2528 2529 327
2528 2530 510
2528 2532 746
2528 2536 956
2528 2544 207
2446 2447 777
2454 2455 48
2458 2459 773
2460 2461 71
2460 2462 943
2470 2471 427
2474 2475 378
2476 2477 351
2476 2478 218
2482 2483 604
2484 2485 786
2484 2486 288
2488 2489 896
2488 2490 915
2488 2492 426
2502 2503 576
2506 2507 958
2508 2509 241
2508 2510 122
2514 2515 284
2516 2517 584
2516 2518 235
2520 2521 274
2520 2522 587
2520 2524 377
2530 2531 692
2532 2533 933
2532 2534 61
2536 2537 630
2536 2538 884
2536 2540 600
2544 2545 29
2544 2546 638
2544 2548 563
2544 2552 70
2462 2463 829
2478 2479 323
2486 2487 982
2490 2491 509
2492 2493 706
2492 2494 346
2494 2495 324
2510 2511 475
2518 2519 681
2522 2523 315
2524 2525 115
2524 2526 202
2534 2535 813
2538 2539 17
2540 2541 171
2540 2542 191
2546 2547 989
2548 2549 588
2548 2550 283
2552 2553 114
2552 2554 850
2552 2556 871
2526 2527 792
2542 2543 803
2550 2551 388
2554 2555 125
2556 2557 259
2556 2558 807
2558 2559 639
2562 2563 737
2564 2565 502
2564 2566 256
2568 2569 718
2568 2570 606
2568 2572 871
2576 2577 706
2576 2578 447
2576 2580 946
2576 2584 970
2592 2593 597
2592 2594 204
2592 2596 330
2592 2600 680
2592 2608 280
2624 2625 993
2624 2626 156
2624 2628 205
2624 2632 310
2624 2640 761
2624 2656 830
2688 2689 411
2688 2690 43
2688 2692 145
2688 2696 287
2688 2704 815
2688 2720 841
2688 2752 233
2816 2817 123
2816 2818 671
2816 2820 774
2816 2824 234
2816 2832 36
2816 2848 465
2816 2880 45
2816 2944 408
2566 2567 905
2570 2571 550
2572 2573 418
2572 2574 206
2578 2579 200
2580 2581 683
2580 2582 569
2584 2585 408
2584 2586 978
2584 2588 279
2594 2595 46
2596 2597 891
2596 2598 253
2600 2601 503
2600 2602 823
2600 2604 289
2608 2609 898
2608 2610 643
2608 2612 659
2608 2616 346
2626 2627 53
2628 2629 609
2628 2630 853
2632 2633 325
2632 2634 70
2632 2636 895
2640 2641 289
2640 2642 338
2640 2644 276
2640 2648 779
2656 2657 618
2656 2658 780
2656 2660 4
2656 2664 666
2656 2672 784
2690 2691 572
2692 2693 367
2692 2694 737
2696 2697 204
2696 2698 953
2696 2700 323
2704 2705 19
2704 2706 512
2704 2708 327
2704 2712 746
2720 2721 291
2720 2722 472
2720 2724 508
2720 2728 896
2720 2736 813
2752 2753 877
2752 2754 75
2752 2756 989
2752 2760 173
2752 2768 880
2752 2784 134
2818 2819 828
2820 2821 824
2820 2822 544
2824 2825 448
2824 2826 395
2824 2828 652
2832 2833 773
2832 2834 618
2832 2836 965
2832 2840 770
2848 2849 889
2848 2850 676
2848 2852 40
2848 2856 1000
2848 2864 237
2880 2881 738
2880 2882 333
2880 2884 536
2880 2888 891
2880 2896 756
2880 2912 249
2944 2945 579
2944 2946 701
2944 2948 378
2944 2952 817
2944 2960 697
2944 2976 841
2944 3008 816
2574 2575 535
2582 2583 195
2586 2587 949
2588 2589 264
2588 2590 184
2590 2591 485
2598 2599 67
2602 2603 162
2604 2605 141
2604 2606 561
2610 2611 937
2612 2613 463
2612 2614 494
2616 2617 506
2616 2618 331
2616 2620 216
2606 2607 938
2614 2615 514
2618 2619 148
2620 2621 827
2620 2622 95
2622 2623 950
2630 2631 517
2634 2635 767
2636 2637 648
2636 2638 680
2642 2643 639
2644 2645 131
2644 2646 813
2648 2649 238
2648 2650 238
2648 2652 870
2658 2659 215
2660 2661 100
2660 2662 599
2664 2665 983
2664 2666 137
2664 2668 304
2672 2673 791
2672 2674 745
2672 2676 57
2672 2680 991
2638 2639 878
2646 2647 646
2650 2651 970
2652 2653 553
2652 2654 338
2662 2663 540
2666 2667 719
2668 2669 102
2668 2670 911
2674 2675 122
2676 2677 403
2676 2678 856
2680 2681 886
2680 2682 696
2680 2684 504
2654 2655 535
2670 2671 884
2678 2679 332
2682 2683 601
2684 2685 145
2684 2686 956
2686 2687 171
2694 2695 646
2698 2699 38
2700 2701 384
2700 2702 268
2706 2707 986
2708 2709 272
2708 2710 289
2712 2713 532
2712 2714 932
2712 2716 839
2722 2723 485
2724 2725 648
2724 2726 551
2728 2729 476
2728 2730 325
2728 2732 108
2736 2737 594
2736 2738 174
2736 2740 818
2736 2744 228
2754 2755 89
2756 2757 14
2756 2758 917
2760 2761 217
2760 2762 167
2760 2764 344
2768 2769 49
2768 2770 111
2768 2772 166
2768 2776 276
2784 2785 494
2784 2786 652
2784 2788 686
2784 2792 735
2784 2800 736
2702 2703 806
2710 2711 161
2714 2715 875
2716 2717 357
2716 2718 421
2726 2727 626
2730 2731 160
2732 2733 955
2732 2734 640
2738 2739 108
2740 2741 448
2740 2742 185
2744 2745 997
2744 2746 764
2744 2748 349
2758 2759 982
2762 2763 785
2764 2765 523
2764 2766 896
2770 2771 16
2772 2773 705
2772 2774 850
2776 2777 579
2776 2778 716
2776 2780 920
2786 2787 886
2788 2789 240
2788 2790 299
2792 2793 952
2792 2794 583
2792 2796 339
2800 2801 746
2800 2802 413
2800 2804 792
2800 2808 198
2718 2719 449
2734 2735 504
2742 2743 38
2746 2747 881
2748 2749 996
2748 2750 852
2750 2751 724
2766 2767 687
2774 2775 201
2778 2779 878
2780 2781 770
2780 2782 452
2790 2791 920
2794 2795 706
2796 2797 853
2796 2798 829
2802 2803 556
2804 2805 588
2804 2806 825
2808 2809 934
2808 2810 793
2808 2812 999
2782 2783 925
2798 2799 982
2806 2807 484
2810 2811 861
2812 2813 898
2812 2814 673
2814 2815 506
2822 2823 23
2826 2827 410
2828 2829 143
2828 2830 576
2834 2835 871
2836 2837 812
2836 2838 782
2840 2841 502
2840 2842 718
2840 2844 109
2850 2851 190
2852 2853 315
2852 2854 497
2856 2857 889
2856 2858 520
2856 2860 883
2864 2865 991
2864 2866 254
2864 2868 14
2864 2872 642
2882 2883 981
2884 2885 956
2884 2886 512
2888 2889 884
2888 2890 176
2888 2892 376
2896 2897 31
2896 2898 339
2896 2900 875
2896 2904 881
2912 2913 197
2912 2914 483
2912 2916 545
2912 2920 603
2912 2928 38
2946 2947 737
2948 2949 380
2948 2950 114
2952 2953 958
2952 2954 295
2952 2956 599
2960 2961 273
2960 2962 279
2960 2964 704
2960 2968 407
2976 2977 899
2976 2978 360
2976 2980 166
2976 2984 573
2976 2992 945
3008 3009 714
3008 3010 945
3008 3012 56
3008 3016 890
3008 3024 260
3008 3040 646
2830 2831 851
2838 2839 931
2842 2843 737
2844 2845 554
2844 2846 971
2854 2855 763
2858 2859 654
2860 2861 916
2860 2862 538
2866 2867 307
2868 2869 366
2868 2870 779
2872 2873 673
2872 2874 373
2872 2876 525
2886 2887 94
2890 2891 24
2892 2893 316
2892 2894 699
2898 2899 41
2900 2901 747
2900 2902 171
2904 2905 702
2904 2906 316
2904 2908 881
2914 2915 43
2916 2917 676
2916 2918 709
2920 2921 728
2920 2922 542
2920 2924 891
2928 2929 643
2928 2930 880
2928 2932 654
2928 2936 107
2950 2951 259
2954 2955 168
2956 2957 700
2956 2958 103
2962 2963 778
2964 2965 966
2964 2966 968
2968 2969 567
2968 2970 679
2968 2972 901
2978 2979 103
2980 2981 337
2980 2982 503
2984 2985 233
2984 2986 939
2984 2988 859
2992 2993 714
2992 2994 906
2992 2996 178
2992 3000 366
3010 3011 665
3012 3013 12
3012 3014 670
3016 3017 914
3016 3018 467
3016 3020 396
3024 3025 407
3024 3026 740
3024 3028 365
3024 3032 2
3040 3041 840
3040 3042 995
3040 3044 800
3040 3048 395
3040 3056 919
2846 2847 72
2862 2863 430
2870 2871 628
2874 2875 222
2876 2877 123
2876 2878 161
2878 2879 113
2894 2895 453
2902 2903 198
2906 2907 662
2908 2909 641
2908 2910 585
2918 2919 78
2922 2923 508
2924 2925 198
2924 2926 349
2930 2931 984
2932 2933 567
2932 2934 597
2936 2937 36
2936 2938 790
2936 2940 595
2910 2911 139
2926 2927 726
2934 2935 973
2938 2939 483
2940 2941 388
2940 2942 712
2942 2943 213
2958 2959 281
2966 2967 360
2970 2971 239
2972 2973 234
2972 2974 187
2982 2983 286
2986 2987 592
2988 2989 572
2988 2990 901
2994 2995 539
2996 2997 377
2996 2998 737
3000 3001 154
3000 3002 927
3000 3004 513
3014 3015 408
3018 3019 945
3020 3021 178
3020 3022 324
3026 3027 219
3028 3029 288
3028 3030 738
3032 3033 868
3032 3034 68
3032 3036 984
3042 3043 791
3044 3045 335
3044 3046 482
3048 3049 157
3048 3050 515
3048 3052 922
3056 3057 701
3056 3058 826
3056 3060 769
3056 3064 631
2974 2975 300
2990 2991 626
2998 2999 772
3002 3003 493
3004 3005 508
3004 3006 371
3022 3023 788
3030 3031 737
3034 3035 95
3036 3037 496
3036 3038 636
3046 3047 752
3050 3051 508
3052 3053 649
3052 3054 192
3058 3059 200
3060 3061 208
3060 3062 767
3064 3065 336
3064 3066 508
3064 3068 672
3006 3007 743
3038 3039 217
3054 3055 364
3062 3063 196
3066 3067 33
3068 3069 1000
3068 3070 805
3070 3071 607
3074 3075 42
3076 3077 198
3076 3078 909
3080 3081 506
3080 3082 212
3080 3084 213
3088 3089 137
3088 3090 563
3088 3092 706
3088 3096 142
3104 3105 932
3104 3106 331
3104 3108 487
3104 3112 424
3104 3120 488
3136 3137 771
3136 3138 279
3136 3140 36
3136 3144 472
3136 3152 979
3136 3168 296
3200 3201 871
3200 3202 439
3200 3204 378
3200 3208 253
3200 3216 205
3200 3232 500
3200 3264 121
3328 3329 272
3328 3330 290
3328 3332 68
3328 3336 592
3328 3344 904
3328 3360 17
3328 3392 499
3328 3456 190
3584 3585 506
3584 3586 73
3584 3588 493
3584 3592 363
3584 3600 529
3584 3616 89
3584 3648 956
3584 3712 380
3584 3840 203
3078 3079 168
3082 3083 813
3084 3085 719
3084 3086 760
3090 3091 334
3092 3093 588
3092 3094 234
3096 3097 461
3096 3098 935
3096 3100 628
3106 3107 854
3108 3109 523
3108 3110 995
3112 3113 369
3112 3114 743
3112 3116 261
3120 3121 142
3120 3122 542
3120 3124 424
3120 3128 644
3138 3139 459
3140 3141 950
3140 3142 993
3144 3145 946
3144 3146 900
3144 3148 286
3152 3153 914
3152 3154 645
3152 3156 90
3152 3160 257
3168 3169 301
3168 3170 281
3168 3172 418
3168 3176 262
3168 3184 665
3202 3203 809
3204 3205 631
3204 3206 883
3208 3209 799
3208 3210 274
3208 3212 123
3216 3217 187
3216 3218 367
3216 3220 493
3216 3224 582
3232 3233 133
3232 3234 7
3232 3236 187
3232 3240 561
3232 3248 341
3264 3265 659
3264 3266 707
3264 3268 691
3264 3272 47
3264 3280 917
3264 3296 81
3330 3331 629
3332 3333 505
3332 3334 163
3336 3337 734
3336 3338 614
3336 3340 454
3344 3345 821
3344 3346 670
3344 3348 291
3344 3352 646
3360 3361 433
3360 3362 93
3360 3364 260
3360 3368 952
3360 3376 605
3392 3393 355
3392 3394 521
3392 3396 355
3392 3400 52
3392 3408 599
3392 3424 217
3456 3457 602
3456 3458 682
3456 3460 395
3456 3464 920
3456 3472 973
3456 3488 451
3456 3520 869
3586 3587 185
3588 3589 737
3588 3590 503
3592 3593 250
3592 3594 153
3592 3596 707
3600 3601 914
3600 3602 880
3600 3604 5
3600 3608 180
3616 3617 884
3616 3618 67
3616 3620 218
3616 3624 283
3616 3632 695
3648 3649 220
3648 3650 466
3648 3652 933
3648 3656 271
3648 3664 669
3648 3680 5
3712 3713 34
3712 3714 550
3712 3716 965
3712 3720 555
3712 3728 995
3712 3744 233
3712 3776 624
3840 3841 650
3840 3842 312
3840 3844 188
3840 3848 572
3840 3856 19
3840 3872 484
3840 3904 357
3840 3968 272
3086 3087 519
3094 3095 170
3098 3099 367
3100 3101 961
3100 3102 475
3102 3103 443
3110 3111 778
3114 3115 944
3116 3117 796
3116 3118 295
3122 3123 37
3124 3125 848
3124 3126 50
3128 3129 985
3128 3130 552
3128 3132 525
3118 3119 155
3126 3127 680
3130 3131 951
3132 3133 214
3132 3134 929
3134 3135 585
3142 3143 590
3146 3147 330
3148 3149 53
3148 3150 743
3154 3155 521
3156 3157 759
3156 3158 952
3160 3161 392
3160 3162 395
3160 3164 577
3170 3171 44
3172 3173 62
3172 3174 991
3176 3177 28
3176 3178 190
3176 3180 745
3184 3185 399
3184 3186 233
3184 3188 160
3184 3192 285
3150 3151 571
3158 3159 234
3162 3163 910
3164 3165 194
3164 3166 411
3174 3175 840
3178 3179 360
3180 3181 749
3180 3182 265
3186 3187 359
3188 3189 760
3188 3190 458
3192 3193 89
3192 3194 727
3192 3196 864
3166 3167 798
3182 3183 825
3190 3191 880
3194 3195 310
3196 3197 542
3196 3198 986
3198 3199 57
3206 3207 622
3210 3211 244
3212 3213 907
3212 3214 968
3218 3219 751
3220 3221 229
3220 3222 322
3224 3225 253
3224 3226 183
3224 3228 140
3234 3235 725
3236 3237 297
3236 3238 796
3240 3241 771
3240 3242 769
3240 3244 975
3248 3249 845
3248 3250 235
3248 3252 428
3248 3256 634
3266 3267 11
3268 3269 58
3268 3270 638
3272 3273 727
3272 3274 832
3272 3276 998
3280 3281 238
3280 3282 749
3280 3284 382
3280 3288 938
3296 3297 15
3296 3298 112
3296 3300 509
3296 3304 364
3296 3312 792
3214 3215 820
3222 3223 745
3226 3227 607
3228 3229 908
3228 3230 833
3238 3239 165
3242 3243 287
3244 3245 145
3244 3246 58
3250 3251 338
3252 3253 879
3252 3254 805
3256 3257 497
3256 3258 596
3256 3260 466
3270 3271 850
3274 3275 651
3276 3277 65
3276 3278 459
3282 3283 775
3284 3285 290
3284 3286 296
3288 3289 563
3288 3290 536
3288 3292 803
3298 3299 610
3300 3301 236
3300 3302 19
3304 3305 728
3304 3306 321
3304 3308 646
3312 3313 194
3312 3314 917
3312 3316 902
3312 3320 770
3230 3231 868
3246 3247 764
3254 3255 567
3258 3259 362
3260 3261 649
3260 3262 334
3262 3263 669
3278 3279 748
3286 3287 98
3290 3291 740
3292 3293 792
3292 3294 523
3302 3303 466
3306 3307 193
3308 3309 726
3308 3310 223
3314 3315 681
3316 3317 594
3316 3318 75
3320 3321 685
3320 3322 862
3320 3324 222
3294 3295 41
3310 3311 177
3318 3319 630
3322 3323 59
3324 3325 789
3324 3326 681
3326 3327 563
3334 3335 723
3338 3339 50
3340 3341 928
3340 3342 400
3346 3347 183
3348 3349 830
3348 3350 777
3352 3353 569
3352 3354 2
3352 3356 281
3362 3363 719
3364 3365 816
3364 3366 326
3368 3369 331
3368 3370 238
3368 3372 30
3376 3377 414
3376 3378 408
3376 3380 985
3376 3384 742
3394 3395 454
3396 3397 770
3396 3398 909
3400 3401 270
3400 3402 872
3400 3404 445
3408 3409 142
3408 3410 600
3408 3412 449
3408 3416 802
3424 3425 788
3424 3426 85
3424 3428 901
3424 3432 655
3424 3440 817
3458 3459 663
3460 3461 471
3460 3462 777
3464 3465 126
3464 3466 765
3464 3468 899
3472 3473 585
3472 3474 637
3472 3476 597
3472 3480 404
3488 3489 904
3488 3490 861
3488 3492 855
3488 3496 707
3488 3504 770
3520 3521 767
3520 3522 950
3520 3524 459
3520 3528 997
3520 3536 655
3520 3552 351
3342 3343 498
3350 3351 541
3354 3355 367
3356 3357 625
3356 3358 91
3366 3367 265
3370 3371 679
3372 3373 75
3372 3374 102
3378 3379 480
3380 3381 667
3380 3382 378
3384 3385 800
3384 3386 882
3384 3388 755
3398 3399 920
3402 3403 311
3404 3405 518
3404 3406 73
3410 3411 326
3412 3413 312
3412 3414 716
3416 3417 858
3416 3418 167
3416 3420 182
3426 3427 657
3428 3429 947
3428 3430 623
3432 3433 437
3432 3434 706
3432 3436 663
3440 3441 885
3440 3442 945
3440 3444 895
3440 3448 706
3462 3463 945
3466 3467 859
3468 3469 803
3468 3470 678
3474 3475 4
3476 3477 873
3476 3478 142
3480 3481 753
3480 3482 391
3480 3484 266
3490 3491 83
3492 3493 341
3492 3494 721
3496 3497 336
3496 3498 609
3496 3500 816
3504 3505 69
3504 3506 824
3504 3508 559
3504 3512 501
3522 3523 26
3524 3525 547
3524 3526 14
3528 3529 366
3528 3530 680
3528 3532 525
3536 3537 586
3536 3538 50
3536 3540 545
3536 3544 461
3552 3553 747
3552 3554 296
3552 3556 827
3552 3560 601
3552 3568 507
3358 3359 101
3374 3375 980
3382 3383 592
3386 3387 952
3388 3389 65
3388 3390 746
3390 3391 342
3406 3407 545
3414 3415 609
3418 3419 997
3420 3421 566
3420 3422 415
3430 3431 591
3434 3435 44
3436 3437 647
3436 3438 866
3442 3443 935
3444 3445 54
3444 3446 427
3448 3449 559
3448 3450 172
3448 3452 329
3422 3423 19
3438 3439 209
3446 3447 149
3450 3451 48
3452 3453 392
3452 3454 79
3454 3455 556
3470 3471 904
3478 3479 565
3482 3483 226
3484 3485 7
3484 3486 69
3494 3495 257
3498 3499 558
3500 3501 68
3500 3502 543
3506 3507 88
3508 3509 801
3508 3510 483
3512 3513 961
3512 3514 151
3512 3516 887
3526 3527 223
3530 3531 510
3532 3533 639
3532 3534 120
3538 3539 467
3540 3541 91
3540 3542 687
3544 3545 778
3544 3546 195
3544 3548 652
3554 3555 495
3556 3557 46
3556 3558 583
3560 3561 633
3560 3562 376
3560 3564 477
3568 3569 447
3568 3570 246
3568 3572 73
3568 3576 112
3486 3487 101
3502 3503 671
3510 3511 332
3514 3515 126
3516 3517 346
3516 3518 698
3534 3535 833
3542 3543 296
3546 3547 716
3548 3549 345
3548 3550 476
3558 3559 836
3562 3563 133
3564 3565 353
3564 3566 852
3570 3571 529
3572 3573 745
3572 3574 337
3576 3577 73
3576 3578 289
3576 3580 2
3518 3519 911
3550 3551 694
3566 3567 964
3574 3575 730
3578 3579 3
3580 3581 949
3580 3582 252
3582 3583 710
3590 3591 385
3594 3595 796
3596 3597 887
3596 3598 835
3602 3603 875
3604 3605 702
3604 3606 647
3608 3609 421
3608 3610 120
3608 3612 889
3618 3619 913
3620 3621 869
3620 3622 931
3624 3625 856
3624 3626 689
3624 3628 748
3632 3633 54
3632 3634 515
3632 3636 559
3632 3640 186
3650 3651 418
3652 3653 944
3652 3654 511
3656 3657 954
3656 3658 54
3656 3660 450
3664 3665 63
3664 3666 859
3664 3668 245
3664 3672 4
3680 3681 483
3680 3682 21
3680 3684 423
3680 3688 530
3680 3696 314
3714 3715 150
3716 3717 964
3716 3718 376
3720 3721 65
3720 3722 813
3720 3724 128
3728 3729 404
3728 3730 396
3728 3732 943
3728 3736 980
3744 3745 475
3744 3746 684
3744 3748 810
3744 3752 678
3744 3760 472
3776 3777 56
3776 3778 527
3776 3780 577
3776 3784 909
3776 3792 434
3776 3808 515
3842 3843 337
3844 3845 857
3844 3846 533
3848 3849 148
3848 3850 942
3848 3852 488
3856 3857 163
3856 3858 920
3856 3860 120
3856 3864 264
3872 3873 3
3872 3874 196
3872 3876 500
3872 3880 796
3872 3888 766
3904 3905 204
3904 3906 606
3904 3908 340
3904 3912 534
3904 3920 104
3904 3936 290
3968 3969 321
3968 3970 969
3968 3972 198
3968 3976 312
3968 3984 522
3968 4000 355
3968 4032 945
3598 3599 636
3606 3607 614
3610 3611 318
3612 3613 715
3612 3614 410
3622 3623 251
3626 3627 952
3628 3629 801
3628 3630 297
3634 3635 978
3636 3637 263
3636 3638 405
3640 3641 747
3640 3642 237
3640 3644 303
3654 3655 161
3658 3659 727
3660 3661 820
3660 3662 366
3666 3667 668
3668 3669 437
3668 3670 848
3672 3673 813
3672 3674 790
3672 3676 944
3682 3683 174
3684 3685 877
3684 3686 852
3688 3689 928
3688 3690 466
3688 3692 935
3696 3697 764
3696 3698 308
3696 3700 114
3696 3704 271
3718 3719 810
3722 3723 816
3724 3725 315
3724 3726 326
3730 3731 189
3732 3733 50
3732 3734 755
3736 3737 943
3736 3738 359
3736 3740 876
3746 3747 224
3748 3749 587
3748 3750 413
3752 3753 56
3752 3754 741
3752 3756 56
3760 3761 915
3760 3762 959
3760 3764 550
3760 3768 91
3778 3779 69
3780 3781 720
3780 3782 68
3784 3785 640
3784 3786 65
3784 3788 978
3792 3793 916
3792 3794 962
3792 3796 145
3792 3800 631
3808 3809 88
3808 3810 421
3808 3812 536
3808 3816 794
3808 3824 591
3846 3847 61
3850 3851 43
3852 3853 619
3852 3854 932
3858 3859 919
3860 3861 985
3860 3862 771
3864 3865 329
3864 3866 52
3864 3868 661
3874 3875 240
3876 3877 309
3876 3878 309
3880 3881 946
3880 3882 723
3880 3884 989
3888 3889 581
3888 3890 25
3888 3892 699
3888 3896 935
3906 3907 356
3908 3909 336
3908 3910 985
3912 3913 570
3912 3914 38
3912 3916 912
3920 3921 812
3920 3922 291
3920 3924 977
3920 3928 604
3936 3937 256
3936 3938 564
3936 3940 422
3936 3944 906
3936 3952 172
3970 3971 801
3972 3973 317
3972 3974 465
3976 3977 259
3976 3978 359
3976 3980 517
3984 3985 37
3984 3986 544
3984 3988 53
3984 3992 969
4000 4001 891
4000 4002 411
4000 4004 422
4000 4008 670
4000 4016 879
4032 4033 503
4032 4034 200
4032 4036 529
4032 4040 464
4032 4048 96
4032 4064 87
3614 3615 545
3630 3631 286
3638 3639 331
3642 3643 269
3644 3645 229
3644 3646 262
3646 3647 2
3662 3663 512
3670 3671 108
3674 3675 496
3676 3677 377
3676 3678 839
3686 3687 385
3690 3691 168
3692 3693 727
3692 3694 646
3698 3699 648
3700 3701 185
3700 3702 806
3704 3705 546
3704 3706 404
3704 3708 757
3678 3679 139
3694 3695 448
3702 3703 267
3706 3707 894
3708 3709 814
3708 3710 971
3710 3711 733
3726 3727 634
3734 3735 626
3738 3739 112
3740 3741 560
3740 3742 317
3750 3751 459
3754 3755 412
3756 3757 918
3756 3758 592
3762 3763 727
3764 3765 668
3764 3766 843
3768 3769 342
3768 3770 780
3768 3772 59
3782 3783 817
3786 3787 718
3788 3789 782
3788 3790 286
3794 3795 456
3796 3797 748
3796 3798 438
3800 3801 749
3800 3802 162
3800 3804 6
3810 3811 10
3812 3813 421
3812 3814 333
3816 3817 641
3816 3818 6
3816 3820 689
3824 3825 165
3824 3826 843
3824 3828 622
3824 3832 589
3742 3743 236
3758 3759 699
3766 3767 727
3770 3771 249
3772 3773 857
3772 3774 675
3790 3791 314
3798 3799 424
3802 3803 184
3804 3805 8
3804 3806 15
3814 3815 951
3818 3819 352
3820 3821 272
3820 3822 138
3826 3827 948
3828 3829 209
3828 3830 263
3832 3833 138
3832 3834 785
3832 3836 648
3774 3775 600
3806 3807 698
3822 3823 558
3830 3831 525
3834 3835 934
3836 3837 5
3836 3838 891
3838 3839 547
3854 3855 132
3862 3863 359
3866 3867 824
3868 3869 831
3868 3870 113
3878 3879 388
3882 3883 695
3884 3885 671
3884 3886 162
3890 3891 14
3892 3893 897
3892 3894 306
3896 3897 868
3896 3898 289
3896 3900 94
3910 3911 104
3914 3915 32
3916 3917 244
3916 3918 108
3922 3923 241
3924 3925 683
3924 3926 975
3928 3929 188
3928 3930 268
3928 3932 702
3938 3939 539
3940 3941 812
3940 3942 656
3944 3945 638
3944 3946 581
3944 3948 694
3952 3953 215
3952 3954 542
3952 3956 15
3952 3960 779
3974 3975 365
3978 3979 452
3980 3981 787
3980 3982 360
3986 3987 510
3988 3989 315
3988 3990 714
3992 3993 279
3992 3994 673
3992 3996 432
4002 4003 890
4004 4005 825
4004 4006 154
4008 4009 578
4008 4010 143
4008 4012 945
4016 4017 534
4016 4018 627
4016 4020 926
4016 4024 452
4034 4035 425
4036 4037 113
4036 4038 763
4040 4041 940
4040 4042 110
4040 4044 173
4048 4049 295
4048 4050 777
4048 4052 549
4048 4056 800
4064 4065 225
4064 4066 35
4064 4068 399
4064 4072 249
4064 4080 325
3870 3871 139
3886 3887 584
3894 3895 828
3898 3899 827
3900 3901 840
3900 3902 993
3918 3919 988
3926 3927 385
3930 3931 879
3932 3933 620
3932 3934 20
3942 3943 360
3946 3947 54
3948 3949 843
3948 3950 748
3954 3955 908
3956 3957 791
3956 3958 707
3960 3961 161
3960 3962 785
3960 3964 764
3982 3983 982
3990 3991 226
3994 3995 572
3996 3997 120
3996 3998 877
4006 4007 200
4010 4011 567
4012 4013 725
4012 4014 335
4018 4019 550
4020 4021 415
4020 4022 91
4024 4025 772
4024 4026 78
4024 4028 447
4038 4039 582
4042 4043 512
4044 4045 901
4044 4046 101
4050 4051 276
4052 4053 598
4052 4054 210
4056 4057 431
4056 4058 252
4056 4060 483
4066 4067 222
4068 4069 68
4068 4070 38
4072 4073 407
4072 4074 911
4072 4076 980
4080 4081 99
4080 4082 409
4080 4084 511
4080 4088 62
3902 3903 916
3934 3935 495
3950 3951 255
3958 3959 402
3962 3963 725
3964 3965 772
3964 3966 482
3966 3967 206
3998 3999 697
4014 4015 847
4022 4023 70
4026 4027 496
4028 4029 850
4028 4030 129
4046 4047 467
4054 4055 997
4058 4059 244
4060 4061 542
4060 4062 335
4070 4071 92
4074 4075 486
4076 4077 567
4076 4078 866
4082 4083 308
4084 4085 932
4084 4086 67
4088 4089 112
4088 4090 968
4088 4092 229
4030 4031 610
4062 4063 62
4078 4079 621
4086 4087 64
4090 4091 816
4092 4093 760
4092 4094 249
4094 4095 841
